Intrinsics:
  ACCE:
    BIAS:
      r0c0: 0.003789741743782485
      r1c0: -0.004237337135479554
      r2c0: -0.00714345620419847
    MAP_COEFF:
      r0c0: 1
      r1c0: 1
      r2c0: 1
      r3c0: 0
      r4c0: 0
      r5c0: 0
  GYRO:
    BIAS:
      r0c0: 0.001363481060851119
      r1c0: -0.004151505457046059
      r2c0: 0.007990580024556042
    MAP_COEFF:
      r0c0: 1
      r1c0: 1
      r2c0: 1
      r3c0: 0
      r4c0: 0
      r5c0: 0
  SO3_AtoG:
    qx: 0
    qy: 0
    qz: 0
    qw: 1