Intrinsics:
  ACCE:
    BIAS:
      r0c0: 0.006060398016984589
      r1c0: 0.005581095184575783
      r2c0: 0.009217877474293529
    MAP_COEFF:
      r0c0: 1
      r1c0: 1
      r2c0: 1
      r3c0: 0
      r4c0: 0
      r5c0: 0
  GYRO:
    BIAS:
      r0c0: -0.0002485387626658322
      r1c0: 0.0003511343498194168
      r2c0: 3.448486674534222e-05
    MAP_COEFF:
      r0c0: 1
      r1c0: 1
      r2c0: 1
      r3c0: 0
      r4c0: 0
      r5c0: 0
  SO3_AtoG:
    qx: 0
    qy: 0
    qz: 0
    qw: 1