Intrinsics:
  ACCE:
    BIAS:
      r0c0: 0.004734078281661269
      r1c0: 0.0005962891413654452
      r2c0: -0.006840193002668786
    MAP_COEFF:
      r0c0: 1
      r1c0: 1
      r2c0: 1
      r3c0: 0
      r4c0: 0
      r5c0: 0
  GYRO:
    BIAS:
      r0c0: 0.001181557502571698
      r1c0: -0.00450595734251483
      r2c0: 0.007841429568471352
    MAP_COEFF:
      r0c0: 1
      r1c0: 1
      r2c0: 1
      r3c0: 0
      r4c0: 0
      r5c0: 0
  SO3_AtoG:
    qx: 0
    qy: 0
    qz: 0
    qw: 1