Intrinsics:
  ACCE:
    BIAS:
      r0c0: 0.00487905723051154
      r1c0: -0.003658784786192052
      r2c0: 0.008958449767597477
    MAP_COEFF:
      r0c0: 1
      r1c0: 1
      r2c0: 1
      r3c0: 0
      r4c0: 0
      r5c0: 0
  GYRO:
    BIAS:
      r0c0: -0.0002789837006767582
      r1c0: 0.0002520859879720773
      r2c0: 1.612524761454883e-05
    MAP_COEFF:
      r0c0: 1
      r1c0: 1
      r2c0: 1
      r3c0: 0
      r4c0: 0
      r5c0: 0
  SO3_AtoG:
    qx: 0
    qy: 0
    qz: 0
    qw: 1