Intrinsics:
  ACCE:
    BIAS:
      r0c0: 0.001759304285324395
      r1c0: -0.003838305803658974
      r2c0: -0.006164179807714168
    MAP_COEFF:
      r0c0: 1
      r1c0: 1
      r2c0: 1
      r3c0: 0
      r4c0: 0
      r5c0: 0
  GYRO:
    BIAS:
      r0c0: 0.001333713172703258
      r1c0: -0.004126549757827809
      r2c0: 0.007549849047066909
    MAP_COEFF:
      r0c0: 1
      r1c0: 1
      r2c0: 1
      r3c0: 0
      r4c0: 0
      r5c0: 0
  SO3_AtoG:
    qx: 0
    qy: 0
    qz: 0
    qw: 1