Intrinsics:
  ACCE:
    BIAS:
      r0c0: 0.002602378663575725
      r1c0: 0.002869966425538713
      r2c0: 0.008371968760501372
    MAP_COEFF:
      r0c0: 1
      r1c0: 1
      r2c0: 1
      r3c0: 0
      r4c0: 0
      r5c0: 0
  GYRO:
    BIAS:
      r0c0: -0.000231398812289427
      r1c0: 0.0003384081028550714
      r2c0: -0.0001841974202648514
    MAP_COEFF:
      r0c0: 1
      r1c0: 1
      r2c0: 1
      r3c0: 0
      r4c0: 0
      r5c0: 0
  SO3_AtoG:
    qx: 0
    qy: 0
    qz: 0
    qw: 1